6 5
6 -5
-6 5
-6 -5
5 3
-5 3
5 -3
-5 -3
0 3
5 0
0 0
1000 10
10 1000
2147483647 2
2 2147483647
-2147483648 2
2 -2147483648
-2147483648 -2
-2 -2147483648
999999999 1
1 999999999
123456789 12345
12345 123456789
-123456789 12345
7 3
-7 3
7 -3
-7 -3
0 -3
3 7
3 -7
-3 7
-3 -7
999999 999
999 999999
1234567890 10
10 1234567890
-1234567890 10
10 -1234567890
-1234567890 -10
-10 -1234567890
1234567890 123
123 1234567890
-1234567890 123
123 -1234567890
123456789012345 12345
12345 123456789012345
-123456789012345 12345
12345 -123456789012345
