2 3 4
5

1 1 1
3

2 5 3
7

3 4
6

6 7 8
10

7 8 9
1

3 5 11
1

2 4
1

15 20 25
1

1 1 1 1
1

10**9 10**9 10**9
+7

2**30 2**30 2**31
-1

10**8 10**8 10**8
97

999999999 888888888
1234567

10**12 10**15 10**20
17

-3 4 5
7

-2 -3
5

2 -3 -4
11

-1 -1 -1
7

-10 20
13

5 7 11
13

6 6 6
19

13 26 39
7

1 2 3 4 5
31

17 19 23
29

1 2
10**9

3 3
10**12

10**6 10**6
10**9

1 1
10**18

123456789 987654321 10**9
+9

2 2 2
3

5 5 5 5
7

10 10 10
13

1 1 1 1
5

3 3 3 3
6

10 20 30
2

9 15 27
3

4 6 8
5

7 8 9
10

3 7 9
4

2 3 4
100

1 2 3
50

5 6
50

10 10
150

9 11
200

210
1000

315
7

520
13

1100
10

750
23

0 1 2
5

10 0 15
7

5 7 0 11
13

0 0 0
17

10 20 30
0

1 3 5
2

2 4 6
2

2 3 4
2

1 2 3
2

7 9 11
2

0 0
10

1 1
1

100 200
1

10**9 10**9
10**9

10**9
2

1 10**9 3
5

10**6 2 10**3
7

2 3 10**8
13

7 10 2
100

4 5 2**10
50

2 3 5
7

7 11 13
19

17 19 23
29

3 5 7 11
13

31 37
41

5 6 7
7

10 20 30
10

1 2 10
10

13 26
13

7 14 21
7

6 6 6
7

9 9 9
10

4 8
9

11 12
13

98 99
100

10 50
13

2 30
7

3 4 5 10
19

7 8 9 5
17

10**5 100
97

-2 -3 4
5

-5 6 7
11

-10 20 30
13

-1 -1 -1
7

-4 -4
9

1 2
10

10**9 100
1000

999999999 1000
1000

2 2 2
3

3 3 3 3
5

5 5 5
6

7 7
13

1 1 1
11
