3 4 -2
10

8 -5 3
10

0 0 -0
10

9 0 -4
10

2 -3 8
10

-3 -7
10

-8 -5
10

-1 -10 4
10

0 -15 5
7

-25
6

1000 -999
10

12345 -6789
100

-500 250 250
30

100 200 300
50

1000000 -999999
2

3 3 3
2

1 2 3
1

5 -5
3

4 4 4
4

5 5 -1
2

0
10

0
10

0
1

0 -0
5

0
100

100
1

-50
1

999 -888
1

0 -0
1

5 -10 20
1

1000000000
1000000007

1000000009
1000000007

-1000000010 
1000000007

999999999 -999999998
1000000007

500 500 500
1000

5 -3 7 -4
10

6 -1 2 -8 3
7

-9 4 10 -6
11

8 5 -13 6 -6
9

-100 50 70
30

0
10

0
2

0
1000000

5
0

5 
-10

999999999
100

-999999999
100

1000000 -999999
1000

-1000000 999999
1000

123456789 -987654321
100000

0 -0 0
10

5 -5 0
10

10 -10 10 10
7

6 -6 6 -6
6

0 0 0 0
1

1 1000
10

-1 500
15

5 -5 100
7

2 10000
1000

1 -2 3 -4 250
12

10 -5 5
10

12 -6 6
12

50 -25 -25
25

20 -10 30 -40
10

100 -50 -50
100

100 200 300
50

-100 -200 -300
60

1000 -1000 1000 -1000
7

100000 -50000 25000 -12500
1000

987654 -123456 654321
99999

123456 -654321 987654
10000

100000000 -99999999 50000000
1000000

99999999 -9999999 88888888
5000000

