15 1 7
-15 6 7
15 -6 7
-15 -1 7
7 2 5
-7 -2 5
7 -2 3
-7 2 3
20 0 4
-20 0 4
8 0 2
-8 0 2
25 5 10
-25 -5 10
25 -5 10
-25 5 10
13 -1 7
-13 1 7
13 6 7
-13 -6 7
1234567890 246913569 987654321
-1234567890 740740742 -1975308632
987654321 987654321 1234567890
-987654321 246913569 1234567890
1000000000 1 999999999
-1000000000 999999998 999999999
999999999 999999999 1000000000
-999999999 1 1000000000
1234567890 246913580 987654310
1234567890 740740742 493827148
987654320 987654320 1234567890
-987654320 246913570 1234567890
999999999 999999999 1000000001
-999999999 1 1000000000
1000000001 2 999999999
-1000000001 999999998 -1999999999
876543210 876543210 987654321
-876543210 111111111 987654321
987654321 111111111 876543210
-987654321 876543210 -1864197531
