3 4 7
2 3 5
5 1 6
10 3 5
15 4 5
20 6 5
0 0 5
0 0 10
0 0 100
0 3 5
0 2 4
0 1 10
14 30 7
9 1 7
5 3 7
6 8 10
12 9 15
4 7 10
1 1 5
1 4 6
1 0 10
6 6 7
10 10 3
8 8 5
1000000000 999999999 1000000000
999999999 999999998 1000000000
1000000000 999999997 1000000000
1 1 1000000000
1 1 999999999
1 1 1000000001
5 4 1
10 7 1
15 3 1
-3 4 7
-2 3 5
-1 1 3
1000000000 1 1000000000
999999999 1 1000000000
1000000000 2 1000000000
1000000000 999999998 1000000001
999999999 999999997 1000000000
1000000000 999999996 1000000001
4 8 12
6 12 18
8 16 20
2 3 5
3 4 7
